[rating]
AA=0.63932
AKs=0.41088
AQs=0.39453
AJs=0.38083
ATs=0.36759
A9s=0.34038
A8s=0.33026
A7s=0.31871
A6s=0.30813
A5s=0.31228
A4s=0.30463
A3s=0.29732
A2s=0.28954
AKo=0.3813
KK=0.58326
KQs=0.37822
KJs=0.36417
KTs=0.35168
K9s=0.32514
K8s=0.30309
K7s=0.29472
K6s=0.28573
K5s=0.27743
K4s=0.27085
K3s=0.26393
K2s=0.25747
AQo=0.36406
KQo=0.34654
QQ=0.53516
QJs=0.35221
QTs=0.3406
Q9s=0.31412
Q8s=0.29273
Q7s=0.27304
Q6s=0.26583
Q5s=0.25789
Q4s=0.2517
Q3s=0.24526
Q2s=0.23802
AJo=0.34862
KJo=0.3321
QJo=0.32024
JJ=0.49142
JTs=0.33456
J9s=0.30776
J8s=0.28688
J7s=0.26733
J6s=0.24821
J5s=0.24274
J4s=0.23609
J3s=0.22928
J2s=0.22353
ATo=0.3349
KTo=0.31889
QTo=0.3081
JTo=0.30211
TT=0.45104
T9s=0.30546
T8s=0.28469
T7s=0.26505
T6s=0.24651
T5s=0.22847
T4s=0.22349
T3s=0.21771
T2s=0.21145
A9o=0.30571
K9o=0.29032
Q9o=0.27952
J9o=0.27368
T9o=0.27165
99=0.41046
98s=0.28077
97s=0.2628
96s=0.24409
95s=0.2265
94s=0.21024
93s=0.20523
92s=0.19961
A8o=0.2937
K8o=0.26648
Q8o=0.26094
J8o=0.25086
T8o=0.24921
98o=0.24543
88=0.37475
87s=0.2628
86s=0.24573
85s=0.22823
84s=0.21083
83s=0.19472
82s=0.19057
A7o=0.28255
K7o=0.25724
Q7o=0.23483
J7o=0.22914
T7o=0.22775
97o=0.22592
87o=0.22673
77=0.34174
76s=0.24679
75s=0.23072
74s=0.21426
73s=0.19766
72s=0.18191
A6o=0.26957
K6o=0.24729
Q6o=0.22706
J6o=0.20934
T6o=0.20736
96o=0.20644
86o=0.20817
76o=0.2103
66=0.31242
65s=0.23377
64s=0.21802
63s=0.2025
62s=0.1854
A5o=0.27413
K5o=0.2386
Q5o=0.21859
J5o=0.20242
T5o=0.18833
95o=0.18723
85o=0.18956
75o=0.19295
65o=0.19573
55=0.28563
54s=0.22416
53s=0.20899
52s=0.19271
A4o=0.26588
K4o=0.23098
Q4o=0.21069
J4o=0.19522
T4o=0.18287
94o=0.16906
84o=0.17063
74o=0.17439
64o=0.17892
54o=0.18501
44=0.25942
43s=0.20144
42s=0.18638
A3o=0.25776
K3o=0.22327
Q3o=0.20382
J3o=0.18849
T3o=0.17626
93o=0.16344
83o=0.15289
73o=0.15618
63o=0.16075
53o=0.16897
43o=0.16075
33=0.2355
32s=0.17956
A2o=0.24947
K2o=0.21588
Q2o=0.19667
J2o=0.18142
T2o=0.16914
92o=0.15697
82o=0.14807
72o=0.13918
62o=0.14295
52o=0.15151
42o=0.14453
32o=0.13659
22=0.21471
